theta <- c(1, 3, 5, 7, 9)
prob <- c(1, 3, 8, 5, 3) / 20
